FP.d
1 0 0 255 255
FP.m
2 255 0 0 255
FP.v
3 0 255 0 255
SFG.rm
4 158 70 53 255
SFG.cm
5 0 141 255 255
SFG.r
6 255 123 220 255
SFG.ri
7 0 246 255 255
SFG.ci
8 0 106 9 255
SFG.c
9 255 220 123 255
IFG.rd
10 62 0 106 255
IFG.cd
11 79 123 141 255
IFG.cv
12 229 0 255 255
IFG.iv
13 255 120 255 255
IFG.rv
14 141 255 158 255
OrG.rm
15 123 88 246 255
OrG.cm
16 237 132 0 255
OrG.ri
17 123 106 0 255
OrG.ci
18 141 0 88 255
OrG.rl
19 255 0 106 255
OrG.cl
20 220 255 0 255
M1.v
21 167 9 167 255
M1.i
22 255 158 176 255
M1.d
23 97 185 0 255
M1.m
24 0 44 97 255
PM.rd
25 158 185 141 255
PM.cd
26 255 211 0 255
PM.i
27 97 62 79 255
PM.cv
28 62 193 255 255
PM.rv
29 62 79 44 255
PM.rm
30 141 106 176 255
PM.cm
31 0 185 141 255
PoCG.dm
32 0 0 158 255
PoCG.d
33 255 106 79 255
PoCG.i
34 237 185 255 255
PoCG.v
35 70 0 0 255
FPOr
36 255 0 167 255
FPOri
37 202 149 106 255
FPOci
38 220 255 123 255
FPOc
39 44 70 176 255
SPL.rv
40 202 132 255 255
SPL.iv
41 149 211 220 255
SPL.cv
42 158 167 0 255
SPL.rd
43 167 0 0 255
SPL.cd
44 0 255 114 255
SPL.m
45 176 149 167 255
IPL.sr
46 176 255 211 255
IPL.sri
47 0 176 79 255
IPL.sci
48 88 53 0 255
IPL.sc
49 0 106 167 255
IPL.gr
50 229 79 141 255
IPL.gri
51 255 255 202 255
IPL.gci
52 132 0 229 255
IPL.gc
53 44 0 44 255
PrCu.vr
54 149 167 229 255
PrCu.dr
55 141 193 97 255
PrCu.dc
56 35 123 97 255
PrCu.di
57 176 97 132 255
PrCu.vi
58 176 0 62 255
PrCu.vc
59 255 62 229 255
PrL.d
60 0 62 70 255
PrL.i
61 167 88 0 255
PrL.STS
62 0 62 255 255
PrL.v
63 106 132 62 255
SFL.r
64 202 149 44 255
SFL.i
65 106 44 106 255
STG.gc
66 202 88 255 255
STG.gr
67 255 202 185 255
STG.gri
68 255 158 97 255
STG.gci
69 0 167 176 255
STSU.rEx
70 132 106 88 255
STSU.cEx
71 0 255 202 255
STSU.r
72 255 0 62 255
STSU.ri
73 149 255 62 255
STSU.ci
74 176 70 158 255
STSU.c
75 114 9 176 255
STSL.r
76 132 70 185 255
STSL.cIn
77 149 149 255 255
STSL.cEx
78 255 106 123 255
ITG.gr
79 0 106 255 255
ITG.gdc
80 88 141 0 255
ITG.gvc
81 53 35 18 255
PHG.r
82 176 167 79 255
PHG.mi
83 0 0 70 255
PHG.li
84 229 79 0 255
PHG.cm
85 237 237 70 255
PHG.cl
86 0 62 0 255
TP.vr
87 88 88 132 255
TP.mr
88 26 211 18 255
TP.lr
89 0 35 9 255
TP.dr
90 123 44 62 255
TP.cEx
91 202 246 167 255
TP.cIn
92 167 211 9 255
V1.cm
93 246 141 123 255
V1.dl
94 26 141 79 255
V1.vl
95 114 0 0 255
V1.mvi
96 211 229 211 255
V1.mdi
97 0 18 44 255
V1.rm
98 193 0 132 255
V2.l
99 106 220 202 255
V2.d
100 70 79 0 255
V2.v
101 114 141 123 255
V2.dm
102 185 114 106 255
V2.vm
103 0 26 141 255
VMO.l
104 149 97 44 255
VMO.i
105 0 255 158 255
VMO.m
106 220 132 193 255
INS.vr
107 123 237 97 255
INS.dr
108 255 176 9 255
INS.ri
109 79 88 88 255
INS.v
110 123 202 141 255
INS.ci
111 141 123 70 255
INS.c
112 0 141 185 255
CG.vr
113 185 193 220 255
CG.ir
114 193 79 97 255
CG.dr
115 70 53 123 255
CG.idr
116 114 0 114 255
CG.idc
117 88 0 53 255
CG.ivr
118 79 97 176 255
CG.ivc
119 211 193 141 255
CG.dc
120 220 193 53 255
CG.vc
121 185 167 149 255
CG.RSr
122 220 97 229 255
CG.RSi
123 9 62 211 255
CG.RSc
124 114 106 229 255
